66.0 13.0
66.0 21.0
66.0 29.0
66.0 37.0
66.0 45.0
66.0 53.0
66.0 61.0
66.0 69.0
66.0 77.0
66.0 85.0
66.0 93.0
66.0 101.0
66.0 109.0
66.0 117.0
66.0 125.0
66.0 133.0
66.0 141.0
66.0 149.0
66.0 157.0
66.0 165.0
74.0 13.0
74.0 21.0
74.0 29.0
74.0 37.0
74.0 45.0
74.0 53.0
74.0 61.0
74.0 69.0
74.0 77.0
74.0 85.0
74.0 93.0
74.0 101.0
74.0 109.0
74.0 117.0
74.0 125.0
74.0 133.0
74.0 141.0
74.0 149.0
74.0 157.0
74.0 165.0
82.0 13.0
82.0 21.0
82.0 29.0
82.0 37.0
82.0 45.0
82.0 53.0
82.0 61.0
82.0 69.0
82.0 77.0
82.0 85.0
82.0 93.0
82.0 101.0
82.0 109.0
82.0 117.0
82.0 125.0
82.0 133.0
82.0 141.0
82.0 149.0
82.0 157.0
82.0 165.0
90.0 13.0
90.0 21.0
90.0 29.0
90.0 37.0
90.0 45.0
90.0 53.0
90.0 61.0
90.0 69.0
90.0 77.0
90.0 85.0
90.0 93.0
90.0 101.0
90.0 109.0
90.0 117.0
90.0 125.0
90.0 133.0
90.0 141.0
90.0 149.0
90.0 157.0
90.0 165.0
98.0 13.0
98.0 21.0
98.0 29.0
98.0 37.0
98.0 45.0
98.0 53.0
98.0 61.0
98.0 69.0
98.0 77.0
98.0 85.0
98.0 93.0
98.0 101.0
98.0 109.0
98.0 117.0
98.0 125.0
98.0 133.0
98.0 141.0
98.0 149.0
98.0 157.0
98.0 165.0
106.0 13.0
106.0 21.0
106.0 29.0
106.0 37.0
106.0 45.0
106.0 53.0
106.0 61.0
106.0 69.0
106.0 77.0
106.0 85.0
106.0 93.0
106.0 101.0
106.0 109.0
106.0 117.0
106.0 125.0
106.0 133.0
106.0 141.0
106.0 149.0
106.0 157.0
106.0 165.0
114.0 13.0
114.0 21.0
114.0 29.0
114.0 37.0
114.0 45.0
114.0 53.0
114.0 61.0
114.0 69.0
114.0 77.0
114.0 85.0
114.0 93.0
114.0 101.0
114.0 109.0
114.0 117.0
114.0 125.0
114.0 133.0
114.0 141.0
114.0 149.0
114.0 157.0
114.0 165.0
122.0 13.0
122.0 21.0
122.0 29.0
122.0 37.0
122.0 45.0
122.0 53.0
122.0 61.0
122.0 69.0
122.0 77.0
122.0 85.0
122.0 93.0
122.0 101.0
122.0 109.0
122.0 117.0
122.0 125.0
122.0 133.0
122.0 141.0
122.0 149.0
122.0 157.0
122.0 165.0
130.0 13.0
130.0 21.0
130.0 29.0
130.0 37.0
130.0 45.0
130.0 53.0
130.0 61.0
130.0 69.0
130.0 77.0
130.0 85.0
130.0 93.0
130.0 101.0
130.0 109.0
130.0 117.0
130.0 125.0
130.0 133.0
130.0 141.0
130.0 149.0
130.0 157.0
130.0 165.0
138.0 13.0
138.0 21.0
138.0 29.0
138.0 37.0
138.0 45.0
138.0 53.0
138.0 61.0
138.0 69.0
138.0 77.0
138.0 85.0
138.0 93.0
138.0 101.0
138.0 109.0
138.0 117.0
138.0 125.0
138.0 133.0
138.0 141.0
138.0 149.0
138.0 157.0
138.0 165.0
146.0 13.0
146.0 21.0
146.0 29.0
146.0 37.0
146.0 45.0
146.0 53.0
146.0 61.0
146.0 69.0
146.0 77.0
146.0 85.0
146.0 93.0
146.0 101.0
146.0 109.0
146.0 117.0
146.0 125.0
146.0 133.0
146.0 141.0
146.0 149.0
146.0 157.0
146.0 165.0
154.0 13.0
154.0 21.0
154.0 29.0
154.0 37.0
154.0 45.0
154.0 53.0
154.0 61.0
154.0 69.0
154.0 77.0
154.0 85.0
154.0 93.0
154.0 101.0
154.0 109.0
154.0 117.0
154.0 125.0
154.0 133.0
154.0 141.0
154.0 149.0
154.0 157.0
154.0 165.0
162.0 13.0
162.0 21.0
162.0 29.0
162.0 37.0
162.0 45.0
162.0 53.0
162.0 61.0
162.0 69.0
162.0 77.0
162.0 85.0
162.0 93.0
162.0 101.0
162.0 109.0
162.0 117.0
162.0 125.0
162.0 133.0
162.0 141.0
162.0 149.0
162.0 157.0
162.0 165.0
170.0 13.0
170.0 21.0
170.0 29.0
170.0 37.0
170.0 45.0
170.0 53.0
170.0 61.0
170.0 69.0
170.0 77.0
170.0 85.0
170.0 93.0
170.0 101.0
170.0 109.0
170.0 117.0
170.0 125.0
170.0 133.0
170.0 141.0
170.0 149.0
170.0 157.0
170.0 165.0
178.0 13.0
178.0 21.0
178.0 29.0
178.0 37.0
178.0 45.0
178.0 53.0
178.0 61.0
178.0 69.0
178.0 77.0
178.0 85.0
178.0 93.0
178.0 101.0
178.0 109.0
178.0 117.0
178.0 125.0
178.0 133.0
178.0 141.0
178.0 149.0
178.0 157.0
178.0 165.0
186.0 13.0
186.0 21.0
186.0 29.0
186.0 37.0
186.0 45.0
186.0 53.0
186.0 61.0
186.0 69.0
186.0 77.0
186.0 85.0
186.0 93.0
186.0 101.0
186.0 109.0
186.0 117.0
186.0 125.0
186.0 133.0
186.0 141.0
186.0 149.0
186.0 157.0
186.0 165.0
